Year,Recursive Principle,Cumulative Principle,Annual Compounded ROI (%),Interest on Recursive Principle,Cumulative Interest,Yearly Contribution Amount,Accumulated Annual Principle Payments since Inception,Total Interest Earned (Including Compounding) since Inception,Contribution of Yearly Contribution Amount in total FV (Value),Contribution of Yearly Contribution Amount in total FV (%),Contribution of Yearly Contributed Principle in total FV (Value),Contribution of Yearly Contributed Principle in total FV (%),Contribution of Yearly Contributed Interest in total FV (Value),Contribution of Yearly Contributed Interest in total FV (%),Annual simpleInterest ROI (%)
1,22969.00,22969.00,6.85,1572.49,1572.49,24541.49,22969.00,1572.49,1304464.94,6.5223247,22969.00,0.1148450,1281495.94,6.4074797,91.4629728
2,22969.00,47510.49,6.85,1572.49,3252.64,26221.64,45938.00,4825.13,1220881.62,6.1044081,22969.00,0.1148450,1197912.62,5.9895631,86.9224184
3,22969.00,73732.13,6.85,1572.49,5047.81,28016.81,68907.00,9872.94,1142653.87,5.7132694,22969.00,0.1148450,1119684.87,5.5984244,82.6231431
4,22969.00,101748.94,6.85,1572.49,6965.88,29934.88,91876.00,16838.82,1069438.56,5.3471928,22969.00,0.1148450,1046469.56,5.2323478,78.5518682
5,22969.00,131683.82,6.85,1572.49,9015.27,31984.27,114845.00,25854.08,1000914.50,5.0045725,22969.00,0.1148450,977945.50,4.8897275,74.6960626
6,22969.00,163668.08,6.85,1572.49,11204.95,34173.95,137814.00,37059.04,936781.11,4.6839055,22969.00,0.1148450,913812.11,4.5690605,71.0438998
7,22969.00,197842.04,6.85,1572.49,13544.55,36513.55,160783.00,50603.59,876757.05,4.3837852,22969.00,0.1148450,853788.05,4.2689402,67.5842181
8,22969.00,234355.59,6.85,1572.49,16044.32,39013.32,183752.00,66647.91,820579.02,4.1028951,22969.00,0.1148450,797610.02,3.9880501,64.3064821
9,22969.00,273368.91,6.85,1572.49,18715.23,41684.23,206721.00,85363.14,768000.58,3.8400029,22969.00,0.1148450,745031.58,3.7251579,61.2007475
10,22969.00,315053.14,6.85,1572.49,21569.00,44538.00,229690.00,106932.14,718791.10,3.5939555,22969.00,0.1148450,695822.10,3.4791105,58.2576267
11,22969.00,359591.14,6.85,1572.49,24618.13,47587.13,252659.00,131550.27,672734.71,3.3636735,22969.00,0.1148450,649765.71,3.2488285,55.4682575
12,22969.00,407178.27,6.85,1572.49,27876.02,50845.02,275628.00,159426.29,629629.37,3.1481468,22969.00,0.1148450,606660.37,3.0333018,52.8242734
13,22969.00,458023.29,6.85,1572.49,31356.94,54325.94,298597.00,190783.22,589285.99,2.9464300,22969.00,0.1148450,566316.99,2.8315850,50.3177747
14,22969.00,512349.22,6.85,1572.49,35076.17,58045.17,321566.00,225859.40,551527.61,2.7576381,22969.00,0.1148450,528558.61,2.6427931,47.9413025
15,22969.00,570394.40,6.85,1572.49,39050.03,62019.03,344535.00,264909.42,516188.59,2.5809430,22969.00,0.1148450,493219.59,2.4660980,45.6878136
16,22969.00,632413.42,6.85,1572.49,43295.94,66264.94,367504.00,308205.36,483113.91,2.4155696,22969.00,0.1148450,460144.91,2.3007246,43.5506566
17,22969.00,698678.36,6.85,1572.49,47832.53,70801.53,390473.00,356037.90,452158.49,2.2607924,22969.00,0.1148450,429189.49,2.1459474,41.5235499
18,22969.00,769479.90,6.85,1572.49,52679.71,75648.71,413442.00,408717.61,423186.52,2.1159326,22969.00,0.1148450,400217.52,2.0010876,39.6005609
19,22969.00,845128.61,6.85,1572.49,57858.73,80827.73,436411.00,466576.34,396070.93,1.9803547,22969.00,0.1148450,373101.93,1.8655097,37.7760858
20,22969.00,925956.34,6.85,1572.49,63392.31,86361.31,459380.00,529968.65,370692.77,1.8534638,22969.00,0.1148450,347723.77,1.7386188,36.0448315
21,22969.00,1012317.65,6.85,1572.49,69304.74,92273.74,482349.00,599273.39,346940.71,1.7347035,22969.00,0.1148450,323971.71,1.6198585,34.4017977
22,22969.00,1104591.39,6.85,1572.49,75621.93,98590.93,505318.00,674895.32,324710.55,1.6235527,22969.00,0.1148450,301741.55,1.5087077,32.8422602
23,22969.00,1203182.32,6.85,1572.49,82371.61,105340.61,528287.00,757266.93,303904.79,1.5195239,22969.00,0.1148450,280935.79,1.4046789,31.3617559
24,22969.00,1308522.93,6.85,1572.49,89583.38,112552.38,551256.00,846850.30,284432.15,1.4221607,22969.00,0.1148450,261463.15,1.3073157,29.9560677
25,22969.00,1421075.30,6.85,1572.49,97288.88,120257.88,574225.00,944139.18,266207.22,1.3310361,22969.00,0.1148450,243238.22,1.2161911,28.6212106
26,22969.00,1541333.18,6.85,1572.49,105521.91,128490.91,597194.00,1049661.09,249150.04,1.2457502,22969.00,0.1148450,226181.04,1.1309052,27.3534188
27,22969.00,1669824.09,6.85,1572.49,114318.58,137287.58,620163.00,1163979.67,233185.81,1.1659290,22969.00,0.1148450,210216.81,1.0510840,26.1491333
28,22969.00,1807111.67,6.85,1572.49,123717.49,146686.49,643132.00,1287697.15,218244.47,1.0912224,22969.00,0.1148450,195275.47,0.9763774,25.0049904
29,22969.00,1953798.15,6.85,1572.49,133759.86,156728.86,666101.00,1421457.01,204260.50,1.0213025,22969.00,0.1148450,181291.50,0.9064575,23.9178104
30,22969.00,2110527.01,6.85,1572.49,144489.74,167458.74,689070.00,1565946.75,191172.55,0.9558628,22969.00,0.1148450,168203.55,0.8410178,22.8845879
31,22969.00,2277985.75,6.85,1572.49,155954.21,178923.21,712039.00,1721900.96,178923.21,0.8946160,22969.00,0.1148450,155954.21,0.7797710,21.9024813
32,22969.00,2456908.96,6.85,1572.49,168203.55,191172.55,735008.00,1890104.51,167458.74,0.8372937,22969.00,0.1148450,144489.74,0.7224487,20.9688044
33,22969.00,2648081.51,6.85,1572.49,181291.50,204260.50,757977.00,2071396.01,156728.86,0.7836443,22969.00,0.1148450,133759.86,0.6687993,20.0810171
34,22969.00,2852342.01,6.85,1572.49,195275.47,218244.47,780946.00,2266671.48,146686.49,0.7334324,22969.00,0.1148450,123717.49,0.6185874,19.2367175
35,22969.00,3070586.48,6.85,1572.49,210216.81,233185.81,803915.00,2476888.29,137287.58,0.6864379,22969.00,0.1148450,114318.58,0.5715929,18.4336343
36,22969.00,3303772.29,6.85,1572.49,226181.04,249150.04,826884.00,2703069.33,128490.91,0.6424545,22969.00,0.1148450,105521.91,0.5276095,17.6696192
37,22969.00,3552922.33,6.85,1572.49,243238.22,266207.22,849853.00,2946307.55,120257.88,0.6012894,22969.00,0.1148450,97288.88,0.4864444,16.9426404
38,22969.00,3819129.55,6.85,1572.49,261463.15,284432.15,872822.00,3207770.70,112552.38,0.5627619,22969.00,0.1148450,89583.38,0.4479169,16.2507760
39,22969.00,4103561.70,6.85,1572.49,280935.79,303904.79,895791.00,3488706.49,105340.61,0.5267030,22969.00,0.1148450,82371.61,0.4118580,15.5922078
40,22969.00,4407466.49,6.85,1572.49,301741.55,324710.55,918760.00,3790448.04,98590.93,0.4929546,22969.00,0.1148450,75621.93,0.3781096,14.9652158
41,22969.00,4732177.04,6.85,1572.49,323971.71,346940.71,941729.00,4114419.74,92273.74,0.4613687,22969.00,0.1148450,69304.74,0.3465237,14.3681723
42,22969.00,5079117.74,6.85,1572.49,347723.77,370692.77,964698.00,4462143.51,86361.31,0.4318066,22969.00,0.1148450,63392.31,0.3169616,13.7995373
43,22969.00,5449810.51,6.85,1572.49,373101.93,396070.93,987667.00,4835245.44,80827.73,0.4041387,22969.00,0.1148450,57858.73,0.2892937,13.2578534
44,22969.00,5845881.44,6.85,1572.49,400217.52,423186.52,1010636.00,5235462.97,75648.71,0.3782436,22969.00,0.1148450,52679.71,0.2633986,12.7417413
45,22969.00,6269067.97,6.85,1572.49,429189.49,452158.49,1033605.00,5664652.46,70801.53,0.3540077,22969.00,0.1148450,47832.53,0.2391627,12.2498955
46,22969.00,6721226.46,6.85,1572.49,460144.91,483113.91,1056574.00,6124797.37,66264.94,0.3313247,22969.00,0.1148450,43295.94,0.2164797,11.7810801
47,22969.00,7204340.37,6.85,1572.49,493219.59,516188.59,1079543.00,6618016.96,62019.03,0.3100951,22969.00,0.1148450,39050.03,0.1952501,11.3341251
48,22969.00,7720528.96,6.85,1572.49,528558.61,551527.61,1102512.00,7146575.58,58045.17,0.2902259,22969.00,0.1148450,35076.17,0.1753809,10.9079229
49,22969.00,8272056.58,6.85,1572.49,566316.99,589285.99,1125481.00,7712892.57,54325.94,0.2716297,22969.00,0.1148450,31356.94,0.1567847,10.5014245
50,22969.00,8861342.57,6.85,1572.49,606660.37,629629.37,1148450.00,8319552.94,50845.02,0.2542251,22969.00,0.1148450,27876.02,0.1393801,10.1136369
51,22969.00,9490971.94,6.85,1572.49,649765.71,672734.71,1171419.00,8969318.65,47587.13,0.2379357,22969.00,0.1148450,24618.13,0.1230907,9.7436193
52,22969.00,10163706.65,6.85,1572.49,695822.10,718791.10,1194388.00,9665140.75,44538.00,0.2226900,22969.00,0.1148450,21569.00,0.1078450,9.3904808
53,22969.00,10882497.75,6.85,1572.49,745031.58,768000.58,1217357.00,10410172.33,41684.23,0.2084212,22969.00,0.1148450,18715.23,0.0935762,9.0533774
54,22969.00,11650498.33,6.85,1572.49,797610.02,820579.02,1240326.00,11207782.35,39013.32,0.1950666,22969.00,0.1148450,16044.32,0.0802216,8.7315096
55,22969.00,12471077.35,6.85,1572.49,853788.05,876757.05,1263295.00,12061570.40,36513.55,0.1825678,22969.00,0.1148450,13544.55,0.0677228,8.4241200
56,22969.00,13347834.40,6.85,1572.49,913812.11,936781.11,1286264.00,12975382.50,34173.95,0.1708698,22969.00,0.1148450,11204.95,0.0560248,8.1304906
57,22969.00,14284615.50,6.85,1572.49,977945.50,1000914.50,1309233.00,13953328.00,31984.27,0.1599213,22969.00,0.1148450,9015.27,0.0450763,7.8499413
58,22969.00,15285530.00,6.85,1572.49,1046469.56,1069438.56,1332202.00,14999797.56,29934.88,0.1496744,22969.00,0.1148450,6965.88,0.0348294,7.5818275
59,22969.00,16354968.56,6.85,1572.49,1119684.87,1142653.87,1355171.00,16119482.44,28016.81,0.1400840,22969.00,0.1148450,5047.81,0.0252390,7.3255380
60,22969.00,17497622.44,6.85,1572.49,1197912.62,1220881.62,1378140.00,17317395.06,26221.64,0.1311082,22969.00,0.1148450,3252.64,0.0162632,7.0804936
61,22969.00,18718504.06,6.85,1572.49,1281495.94,1304464.94,1401109.00,18598891.00,24541.49,0.1227075,22969.00,0.1148450,1572.49,0.0078625,6.8461451