Year,Recursive Principle,Cumulative Principle,Annual Compounded ROI (%),Interest on Recursive Principle,Cumulative Interest,Yearly Contribution Amount,Accumulated Annual Principle Payments since Inception,Total Interest Earned (Including Compounding) since Inception,Contribution of Yearly Contribution Amount in total FV (Value),Contribution of Yearly Contribution Amount in total FV (%),Contribution of Yearly Contributed Principle in total FV (Value),Contribution of Yearly Contributed Principle in total FV (%),Contribution of Yearly Contributed Interest in total FV (Value),Contribution of Yearly Contributed Interest in total FV (%),Annual simpleInterest ROI (%)
1,28722.00,28722.00,6.54,1877.62,1877.62,30599.62,28722.00,1877.62,1367097.33,6.8354866,28722.00,0.1436100,1338375.33,6.6918766,76.3894545
2,28722.00,59321.62,6.54,1877.62,3877.99,32599.99,57444.00,5755.61,1283210.91,6.4160546,28722.00,0.1436100,1254488.91,6.2724446,72.7948909
3,28722.00,91921.61,6.54,1877.62,6009.12,34731.12,86166.00,11764.74,1204471.85,6.0223593,28722.00,0.1436100,1175749.85,5.8787493,69.3822282
4,28722.00,126652.74,6.54,1877.62,8279.58,37001.58,114888.00,20044.31,1130564.30,5.6528215,28722.00,0.1436100,1101842.30,5.5092115,66.1419154
5,28722.00,163654.31,6.54,1877.62,10698.45,39420.45,143610.00,30742.77,1061191.78,5.3059589,28722.00,0.1436100,1032469.78,5.1623489,63.0649149
6,28722.00,203074.77,6.54,1877.62,13275.46,41997.46,172332.00,44018.23,996076.02,4.9803801,28722.00,0.1436100,967354.02,4.8367701,60.1426746
7,28722.00,245072.23,6.54,1877.62,16020.93,44742.93,201054.00,60039.15,934955.84,4.6747792,28722.00,0.1436100,906233.84,4.5311692,57.3671014
8,28722.00,289815.15,6.54,1877.62,18945.88,47667.88,229776.00,78985.03,877586.04,4.3879302,28722.00,0.1436100,848864.04,4.2443202,54.7305359
9,28722.00,337483.03,6.54,1877.62,22062.03,50784.03,258498.00,101047.06,823736.52,4.1186826,28722.00,0.1436100,795014.52,3.9750726,52.2257290
10,28722.00,388267.06,6.54,1877.62,25381.90,54103.90,287220.00,126428.96,773191.25,3.8659562,28722.00,0.1436100,744469.25,3.7223462,49.8458196
11,28722.00,442370.96,6.54,1877.62,28918.79,57640.79,315942.00,155347.76,725747.49,3.6287374,28722.00,0.1436100,697025.49,3.4851274,47.5843130
12,28722.00,500011.76,6.54,1877.62,32686.90,61408.90,344664.00,188034.66,681214.92,3.4060746,28722.00,0.1436100,652492.92,3.2624646,45.4350615
13,28722.00,561420.66,6.54,1877.62,36701.34,65423.34,373386.00,224736.01,639414.91,3.1970746,28722.00,0.1436100,610692.91,3.0534646,43.3922452
14,28722.00,626844.01,6.54,1877.62,40978.22,69700.22,402108.00,265714.22,600179.80,3.0008990,28722.00,0.1436100,571457.80,2.8572890,41.4503542
15,28722.00,696544.22,6.54,1877.62,45534.68,74256.68,430830.00,311248.90,563352.18,2.8167609,28722.00,0.1436100,534630.18,2.6731509,39.6041720
16,28722.00,770800.90,6.54,1877.62,50389.01,79111.01,459552.00,361637.91,528784.35,2.6439217,28722.00,0.1436100,500062.35,2.5003117,37.8487592
17,28722.00,849911.91,6.54,1877.62,55560.67,84282.67,488274.00,417198.58,496337.63,2.4816882,28722.00,0.1436100,467615.63,2.3380782,36.1794389
18,28722.00,934194.58,6.54,1877.62,61070.42,89792.42,516996.00,478269.00,465881.87,2.3294094,28722.00,0.1436100,437159.87,2.1857994,34.5917822
19,28722.00,1023987.00,6.54,1877.62,66940.36,95662.36,545718.00,545209.36,437294.91,2.1864746,28722.00,0.1436100,408572.91,2.0428646,33.0815947
20,28722.00,1119649.36,6.54,1877.62,73194.02,101916.02,574440.00,618403.38,410462.07,2.0523104,28722.00,0.1436100,381740.07,1.9087004,31.6449041
21,28722.00,1221565.38,6.54,1877.62,79856.50,108578.50,603162.00,698259.89,385275.72,1.9263786,28722.00,0.1436100,356553.72,1.7827686,30.2779482
22,28722.00,1330143.89,6.54,1877.62,86954.53,115676.53,631884.00,785214.42,361634.83,1.8081742,28722.00,0.1436100,332912.83,1.6645642,28.9771633
23,28722.00,1445820.42,6.54,1877.62,94516.57,123238.57,660606.00,879730.98,339444.57,1.6972229,28722.00,0.1436100,310722.57,1.5536129,27.7391734
24,28722.00,1569058.98,6.54,1877.62,102572.95,131294.95,689328.00,982303.93,318615.92,1.5930796,28722.00,0.1436100,289893.92,1.4494696,26.5607808
25,28722.00,1700353.93,6.54,1877.62,111156.00,139878.00,718050.00,1093459.93,299065.34,1.4953267,28722.00,0.1436100,270343.34,1.3517167,25.4389556
26,28722.00,1840231.93,6.54,1877.62,120300.14,149022.14,746772.00,1213760.08,280714.40,1.4035720,28722.00,0.1436100,251992.40,1.2599620,24.3708273
27,28722.00,1989254.08,6.54,1877.62,130042.06,158764.06,775494.00,1343802.13,263489.50,1.3174475,28722.00,0.1436100,234767.50,1.1738375,23.3536758
28,28722.00,2148018.13,6.54,1877.62,140420.83,169142.83,804216.00,1484222.96,247321.53,1.2366076,28722.00,0.1436100,218599.53,1.0929976,22.3849239
29,28722.00,2317160.96,6.54,1877.62,151478.08,180200.08,832938.00,1635701.04,232145.64,1.1607282,28722.00,0.1436100,203423.64,1.0171182,21.4621290
30,28722.00,2497361.04,6.54,1877.62,163258.17,191980.17,861660.00,1798959.20,217900.96,1.0895048,28722.00,0.1436100,189178.96,0.9458948,20.5829763
31,28722.00,2689341.20,6.54,1877.62,175808.34,204530.34,890382.00,1974767.55,204530.34,1.0226517,28722.00,0.1436100,175808.34,0.8790417,19.7452717
32,28722.00,2893871.55,6.54,1877.62,189178.96,217900.96,919104.00,2163946.51,191980.17,0.9599008,28722.00,0.1436100,163258.17,0.8162908,18.9469356
33,28722.00,3111772.51,6.54,1877.62,203423.64,232145.64,947826.00,2367370.14,180200.08,0.9010004,28722.00,0.1436100,151478.08,0.7573904,18.1859967
34,28722.00,3343918.14,6.54,1877.62,218599.53,247321.53,976548.00,2585969.67,169142.83,0.8457141,28722.00,0.1436100,140420.83,0.7021041,17.4605860
35,28722.00,3591239.67,6.54,1877.62,234767.50,263489.50,1005270.00,2820737.17,158764.06,0.7938203,28722.00,0.1436100,130042.06,0.6502103,16.7689316
36,28722.00,3854729.17,6.54,1877.62,251992.40,280714.40,1033992.00,3072729.57,149022.14,0.7451107,28722.00,0.1436100,120300.14,0.6015007,16.1093537
37,0.00,4106721.57,6.54,0.00,268465.72,268465.72,1033992.00,3341195.29,0.00,0.0000000,0.00,0.0000000,0.00,0.0000000,NaN
38,0.00,4375187.29,6.54,0.00,286015.93,286015.93,1033992.00,3627211.23,0.00,0.0000000,0.00,0.0000000,0.00,0.0000000,NaN
39,0.00,4661203.23,6.54,0.00,304713.45,304713.45,1033992.00,3931924.67,0.00,0.0000000,0.00,0.0000000,0.00,0.0000000,NaN
40,0.00,4965916.67,6.54,0.00,324633.26,324633.26,1033992.00,4256557.93,0.00,0.0000000,0.00,0.0000000,0.00,0.0000000,NaN
41,0.00,5290549.93,6.54,0.00,345855.27,345855.27,1033992.00,4602413.20,0.00,0.0000000,0.00,0.0000000,0.00,0.0000000,NaN
42,0.00,5636405.20,6.54,0.00,368464.61,368464.61,1033992.00,4970877.81,0.00,0.0000000,0.00,0.0000000,0.00,0.0000000,NaN
43,0.00,6004869.81,6.54,0.00,392551.98,392551.98,1033992.00,5363429.80,0.00,0.0000000,0.00,0.0000000,0.00,0.0000000,NaN
44,0.00,6397421.80,6.54,0.00,418214.00,418214.00,1033992.00,5781643.79,0.00,0.0000000,0.00,0.0000000,0.00,0.0000000,NaN
45,0.00,6815635.79,6.54,0.00,445553.60,445553.60,1033992.00,6227197.39,0.00,0.0000000,0.00,0.0000000,0.00,0.0000000,NaN
46,0.00,7261189.39,6.54,0.00,474680.45,474680.45,1033992.00,6701877.84,0.00,0.0000000,0.00,0.0000000,0.00,0.0000000,NaN
47,0.00,7735869.84,6.54,0.00,505711.39,505711.39,1033992.00,7207589.23,0.00,0.0000000,0.00,0.0000000,0.00,0.0000000,NaN
48,0.00,8241581.23,6.54,0.00,538770.89,538770.89,1033992.00,7746360.12,0.00,0.0000000,0.00,0.0000000,0.00,0.0000000,NaN
49,0.00,8780352.12,6.54,0.00,573991.57,573991.57,1033992.00,8320351.69,0.00,0.0000000,0.00,0.0000000,0.00,0.0000000,NaN
50,0.00,9354343.69,6.54,0.00,611514.70,611514.70,1033992.00,8931866.39,0.00,0.0000000,0.00,0.0000000,0.00,0.0000000,NaN
51,0.00,9965858.39,6.54,0.00,651490.81,651490.81,1033992.00,9583357.20,0.00,0.0000000,0.00,0.0000000,0.00,0.0000000,NaN
52,0.00,10617349.20,6.54,0.00,694080.24,694080.24,1033992.00,10277437.44,0.00,0.0000000,0.00,0.0000000,0.00,0.0000000,NaN
53,0.00,11311429.44,6.54,0.00,739453.84,739453.84,1033992.00,11016891.28,0.00,0.0000000,0.00,0.0000000,0.00,0.0000000,NaN
54,0.00,12050883.28,6.54,0.00,787793.62,787793.62,1033992.00,11804684.90,0.00,0.0000000,0.00,0.0000000,0.00,0.0000000,NaN
55,0.00,12838676.90,6.54,0.00,839293.48,839293.48,1033992.00,12643978.38,0.00,0.0000000,0.00,0.0000000,0.00,0.0000000,NaN
56,0.00,13677970.38,6.54,0.00,894160.00,894160.00,1033992.00,13538138.38,0.00,0.0000000,0.00,0.0000000,0.00,0.0000000,NaN
57,0.00,14572130.38,6.54,0.00,952613.27,952613.27,1033992.00,14490751.66,0.00,0.0000000,0.00,0.0000000,0.00,0.0000000,NaN
58,0.00,15524743.66,6.54,0.00,1014887.77,1014887.77,1033992.00,15505639.42,0.00,0.0000000,0.00,0.0000000,0.00,0.0000000,NaN
59,0.00,16539631.42,6.54,0.00,1081233.29,1081233.29,1033992.00,16586872.71,0.00,0.0000000,0.00,0.0000000,0.00,0.0000000,NaN
60,0.00,17620864.71,6.54,0.00,1151915.96,1151915.96,1033992.00,17738788.67,0.00,0.0000000,0.00,0.0000000,0.00,0.0000000,NaN
61,0.00,18772780.67,6.54,0.00,1227219.33,1227219.33,1033992.00,18966008.00,0.00,0.0000000,0.00,0.0000000,0.00,0.0000000,NaN